{
 "cells": [
  {
   "cell_type": "code",
   "execution_count": 1,
   "metadata": {},
   "outputs": [],
   "source": [
    "import matlab.engine\n",
    "import numpy as np\n",
    "eng = matlab.engine.start_matlab()\n",
    "from os import listdir\n",
    "from os.path import isfile, join"
   ]
  },
  {
   "cell_type": "code",
   "execution_count": 6,
   "metadata": {},
   "outputs": [],
   "source": [
    "from nmtf.read import get_adjacency\n",
    "from nmtf.utils import connectivity_matrix, dispersion_coefficient_rho, dispersion_coefficients_eta_v, get_clusters"
   ]
  },
  {
   "cell_type": "code",
   "execution_count": 64,
   "metadata": {},
   "outputs": [],
   "source": [
    "folder = \"/home/vero/Dropbox (DIBRIS)/project_UCL/BCStages-SubtypesNetworks/LuminalANetworks\"\n",
    "files = [join(folder, f) for f in listdir(folder) if isfile(join(folder, f))]\n",
    "graphs = [get_adjacency(f) for f in files]"
   ]
  },
  {
   "cell_type": "code",
   "execution_count": 65,
   "metadata": {},
   "outputs": [],
   "source": [
    "graphs = [g[0] for g in graphs]"
   ]
  },
  {
   "cell_type": "code",
   "execution_count": 66,
   "metadata": {},
   "outputs": [],
   "source": [
    "graphs1 = [(g+g.T)/2 + np.eye(g.shape[0]) for g in graphs]"
   ]
  },
  {
   "cell_type": "code",
   "execution_count": 67,
   "metadata": {},
   "outputs": [],
   "source": [
    "ll = [matlab.double(l.tolist()) for l in graphs1]"
   ]
  },
  {
   "cell_type": "code",
   "execution_count": 71,
   "metadata": {},
   "outputs": [],
   "source": [
    "from importlib import reload\n",
    "import nmtf.nmtf; reload(nmtf.nmtf)\n",
    "from nmtf.nmtf import SSNMTF"
   ]
  },
  {
   "cell_type": "code",
   "execution_count": 72,
   "metadata": {},
   "outputs": [
    {
     "name": "stdout",
     "output_type": "stream",
     "text": [
      "[[8.70424083e+00 1.01955108e+01 1.00000000e-10 ... 1.00000000e-10\n",
      "  3.53209540e-01 1.00000000e-10]\n",
      " [8.37877299e+00 6.91429110e+00 3.14432189e-01 ... 1.00000000e-10\n",
      "  1.00000000e-10 8.05155994e-01]\n",
      " [2.05389518e+01 2.21959606e+01 1.00000000e-10 ... 1.00000000e-10\n",
      "  1.00000000e-10 5.37282871e-01]\n",
      " ...\n",
      " [2.38438826e+01 1.00000000e-10 1.00000000e-10 ... 1.00000000e-10\n",
      "  2.69627803e+00 1.00000000e-10]\n",
      " [1.08405926e+01 1.00000000e-10 1.00000000e-10 ... 1.00000000e-10\n",
      "  1.62052386e+00 1.00000000e-10]\n",
      " [1.26153299e+01 6.27572900e+00 1.58675903e+01 ... 3.45666578e-01\n",
      "  3.18917682e-01 1.00000000e-10]]\n",
      "[[ 1.28242407e-05 -5.79969245e-06 -7.36638379e-07 -3.04896488e-06\n",
      "  -4.88135549e-06 -4.65239662e-06 -1.04769149e-06 -1.10621348e-05\n",
      "  -5.63859798e-06 -8.64866936e-06 -1.84376230e-05 -8.69932793e-06\n",
      "  -4.17401542e-05 -4.84795756e-06]\n",
      " [-5.79969245e-06  2.55145988e-05  2.35576830e-06  8.14214390e-06\n",
      "   5.96934455e-06  5.18900249e-06 -1.76097001e-05 -3.52795827e-05\n",
      "  -2.37761270e-05 -1.24972919e-05  1.12924992e-06 -3.93811431e-05\n",
      "   1.83355590e-05  1.62176773e-05]\n",
      " [-7.36638379e-07  2.35576830e-06  4.78725779e-05  6.97187326e-06\n",
      "   1.58294341e-05  5.81349173e-07 -3.51613712e-05 -2.88940692e-05\n",
      "  -3.37306103e-05 -1.50370235e-05 -8.81727425e-06  3.14378656e-06\n",
      "  -1.02907951e-05 -1.13693110e-05]\n",
      " [-3.04896488e-06  8.14214390e-06  6.97187326e-06  7.54926296e-05\n",
      "   4.28853679e-06 -3.85270470e-05 -2.08577240e-05 -2.15781838e-05\n",
      "  -4.00581086e-06 -5.50291835e-06 -1.15671803e-06 -4.06553100e-06\n",
      "   3.59673109e-07  1.43345636e-06]\n",
      " [-4.88135549e-06  5.96934455e-06  1.58294341e-05  4.28853679e-06\n",
      "   1.75697832e-04  1.16954963e-05 -1.26280190e-04 -3.37419326e-05\n",
      "  -2.69774597e-05 -2.76976858e-05  1.12483366e-05  9.57127790e-06\n",
      "  -6.10986123e-06 -2.85358273e-05]\n",
      " [-4.65239662e-06  5.18900249e-06  5.81349173e-07 -3.85270470e-05\n",
      "   1.16954963e-05  1.85351151e-04 -3.55106521e-05 -1.17679682e-05\n",
      "  -1.67411892e-05 -5.93291946e-05  6.94391625e-06 -7.81705677e-06\n",
      "  -2.50287631e-05 -2.92174926e-05]\n",
      " [-1.04769149e-06 -1.76097001e-05 -3.51613712e-05 -2.08577240e-05\n",
      "  -1.26280190e-04 -3.55106521e-05  3.26017025e-04  7.34988353e-05\n",
      "   2.14526303e-05 -1.66169825e-05  1.53824274e-05 -2.98900714e-05\n",
      "  -1.02260740e-06 -2.60055318e-05]\n",
      " [-1.10621348e-05 -3.52795827e-05 -2.88940692e-05 -2.15781838e-05\n",
      "  -3.37419326e-05 -1.17679682e-05  7.34988353e-05  4.73887302e-04\n",
      "  -5.77406099e-06 -3.66752863e-06 -2.57925289e-05  5.34717859e-05\n",
      "  -1.75978665e-05 -2.11206101e-05]\n",
      " [-5.63859798e-06 -2.37761270e-05 -3.37306103e-05 -4.00581086e-06\n",
      "  -2.69774597e-05 -1.67411892e-05  2.14526303e-05 -5.77406099e-06\n",
      "   5.33784823e-04 -6.66156940e-05 -6.42947297e-05  9.86895153e-05\n",
      "  -5.28115015e-05 -5.83203631e-05]\n",
      " [-8.64866936e-06 -1.24972919e-05 -1.50370235e-05 -5.50291835e-06\n",
      "  -2.76976858e-05 -5.93291946e-05 -1.66169825e-05 -3.66752863e-06\n",
      "  -6.66156940e-05  6.19319783e-04 -8.13759262e-05 -3.29539340e-05\n",
      "  -4.96350997e-06  1.65812691e-05]\n",
      " [-1.84376230e-05  1.12924992e-06 -8.81727425e-06 -1.15671803e-06\n",
      "   1.12483366e-05  6.94391625e-06  1.53824274e-05 -2.57925289e-05\n",
      "  -6.42947297e-05 -8.13759262e-05  7.15366963e-04 -1.10369364e-04\n",
      "  -2.40630172e-05 -1.31557037e-04]\n",
      " [-8.69932793e-06 -3.93811431e-05  3.14378656e-06 -4.06553100e-06\n",
      "   9.57127790e-06 -7.81705677e-06 -2.98900714e-05  5.34717859e-05\n",
      "   9.86895153e-05 -3.29539340e-05 -1.10369364e-04  9.89508013e-04\n",
      "  -9.71000585e-06 -4.12275052e-04]\n",
      " [-4.17401542e-05  1.83355590e-05 -1.02907951e-05  3.59673109e-07\n",
      "  -6.10986123e-06 -2.50287631e-05 -1.02260740e-06 -1.75978665e-05\n",
      "  -5.28115015e-05 -4.96350997e-06 -2.40630172e-05 -9.71000585e-06\n",
      "   9.51339004e-04  1.76799591e-05]\n",
      " [-4.84795756e-06  1.62176773e-05 -1.13693110e-05  1.43345636e-06\n",
      "  -2.85358273e-05 -2.92174926e-05 -2.60055318e-05 -2.11206101e-05\n",
      "  -5.83203631e-05  1.65812691e-05 -1.31557037e-04 -4.12275052e-04\n",
      "   1.76799591e-05  8.92939421e-04]]\n",
      "[[ 1.30591587e-05 -5.84054575e-06 -5.54166687e-07 -2.99535661e-06\n",
      "  -4.95982908e-06 -4.85767658e-06 -1.01182018e-06 -1.20467886e-05\n",
      "  -6.06972812e-06 -8.51123845e-06 -1.88630422e-05 -8.46433254e-06\n",
      "  -4.35081907e-05 -4.81330841e-06]\n",
      " [-5.84054575e-06  2.60427856e-05  3.00416496e-06  8.47539230e-06\n",
      "   7.26860123e-06  6.04885203e-06 -2.02213706e-05 -3.79558933e-05\n",
      "  -2.48815063e-05 -1.36130257e-05  1.57132612e-06 -3.98950652e-05\n",
      "   1.93960287e-05  1.72586719e-05]\n",
      " [-5.54166687e-07  3.00416496e-06  4.87973294e-05  7.38539387e-06\n",
      "   1.73969436e-05  1.63924671e-06 -3.76311682e-05 -3.11712460e-05\n",
      "  -3.67673765e-05 -1.79128622e-05 -8.91458430e-06  2.51703671e-06\n",
      "  -1.13064955e-05 -1.12251788e-05]\n",
      " [-2.99535661e-06  8.47539230e-06  7.38539387e-06  7.58257876e-05\n",
      "   5.73695523e-06 -3.82259584e-05 -2.25851247e-05 -2.37138363e-05\n",
      "  -4.22851246e-06 -6.63747704e-06 -1.17316011e-06 -4.37944942e-06\n",
      "  -1.18534700e-07  1.53846244e-06]\n",
      " [-4.95982908e-06  7.26860123e-06  1.73969436e-05  5.73695523e-06\n",
      "   1.78428992e-04  1.25022134e-05 -1.32084394e-04 -3.72255612e-05\n",
      "  -2.93565759e-05 -3.02156334e-05  1.12370124e-05  1.01134308e-05\n",
      "  -5.80998626e-06 -2.93763001e-05]\n",
      " [-4.85767658e-06  6.04885203e-06  1.63924671e-06 -3.82259584e-05\n",
      "   1.25022134e-05  1.87031183e-04 -3.82188656e-05 -1.32019759e-05\n",
      "  -1.92310610e-05 -6.24796110e-05  7.37821631e-06 -7.06793186e-06\n",
      "  -2.51093494e-05 -2.90392757e-05]\n",
      " [-1.01182018e-06 -2.02213706e-05 -3.76311682e-05 -2.25851247e-05\n",
      "  -1.32084394e-04 -3.82188656e-05  3.36460576e-04  8.26914389e-05\n",
      "   2.63348154e-05 -1.18743302e-05  1.65889351e-05 -3.07506542e-05\n",
      "   2.50689352e-07 -2.63651022e-05]\n",
      " [-1.20467886e-05 -3.79558933e-05 -3.11712460e-05 -2.37138363e-05\n",
      "  -3.72255612e-05 -1.32019759e-05  8.26914389e-05  4.94782317e-04\n",
      "  -4.33465927e-06 -7.72328638e-06 -1.99512024e-05  5.48980807e-05\n",
      "  -1.58952417e-05 -2.56767299e-05]\n",
      " [-6.06972812e-06 -2.48815063e-05 -3.67673765e-05 -4.22851246e-06\n",
      "  -2.93565759e-05 -1.92310610e-05  2.63348154e-05 -4.33465927e-06\n",
      "   5.54916336e-04 -6.26145282e-05 -7.61956987e-05  1.06351064e-04\n",
      "  -5.38859623e-05 -5.90014472e-05]\n",
      " [-8.51123845e-06 -1.36130257e-05 -1.79128622e-05 -6.63747704e-06\n",
      "  -3.02156334e-05 -6.24796110e-05 -1.18743302e-05 -7.72328638e-06\n",
      "  -6.26145282e-05  6.39290882e-04 -8.77271545e-05 -3.36075506e-05\n",
      "  -7.58106533e-06  1.83562065e-05]\n",
      " [-1.88630422e-05  1.57132612e-06 -8.91458430e-06 -1.17316011e-06\n",
      "   1.12370124e-05  7.37821631e-06  1.65889351e-05 -1.99512024e-05\n",
      "  -7.61956987e-05 -8.77271545e-05  7.38450237e-04 -1.22795336e-04\n",
      "  -2.05752473e-05 -1.33981258e-04]\n",
      " [-8.46433254e-06 -3.98950652e-05  2.51703671e-06 -4.37944942e-06\n",
      "   1.01134308e-05 -7.06793186e-06 -3.07506542e-05  5.48980807e-05\n",
      "   1.06351064e-04 -3.36075506e-05 -1.22795336e-04  1.02889821e-03\n",
      "  -1.18911713e-05 -4.49390949e-04]\n",
      " [-4.35081907e-05  1.93960287e-05 -1.13064955e-05 -1.18534700e-07\n",
      "  -5.80998626e-06 -2.51093494e-05  2.50689352e-07 -1.58952417e-05\n",
      "  -5.38859623e-05 -7.58106533e-06 -2.05752473e-05 -1.18911713e-05\n",
      "   9.75198662e-04  2.15595944e-05]\n",
      " [-4.81330841e-06  1.72586719e-05 -1.12251788e-05  1.53846244e-06\n",
      "  -2.93763001e-05 -2.90392757e-05 -2.63651022e-05 -2.56767299e-05\n",
      "  -5.90014472e-05  1.83562065e-05 -1.33981258e-04 -4.49390949e-04\n",
      "   2.15595944e-05  9.27092876e-04]]\n",
      "[[ 1.32181736e-05 -5.85485922e-06 -3.79737517e-07 -2.93851329e-06\n",
      "  -4.96585796e-06 -4.99133000e-06 -1.01896031e-06 -1.27667089e-05\n",
      "  -6.53034925e-06 -8.44706641e-06 -1.90650818e-05 -8.30461839e-06\n",
      "  -4.47909215e-05 -4.81603561e-06]\n",
      " [-5.85485922e-06  2.64002894e-05  3.48981607e-06  8.71064148e-06\n",
      "   8.24500162e-06  6.70331028e-06 -2.21202452e-05 -3.98832070e-05\n",
      "  -2.57620521e-05 -1.47124679e-05  1.88111592e-06 -4.00133927e-05\n",
      "   2.01515615e-05  1.80875848e-05]\n",
      " [-3.79737517e-07  3.48981607e-06  4.94846345e-05  7.70018127e-06\n",
      "   1.86542163e-05  2.46226690e-06 -3.96402171e-05 -3.27901536e-05\n",
      "  -3.91573929e-05 -2.02902438e-05 -9.04000904e-06  1.97675482e-06\n",
      "  -1.22194190e-05 -1.09324404e-05]\n",
      " [-2.93851329e-06  8.71064148e-06  7.70018127e-06  7.59699451e-05\n",
      "   6.81494217e-06 -3.77781537e-05 -2.38766009e-05 -2.53383100e-05\n",
      "  -4.43229107e-06 -7.59457390e-06 -1.12443794e-06 -4.60617917e-06\n",
      "  -4.83863741e-07  1.50267781e-06]\n",
      " [-4.96585796e-06  8.24500162e-06  1.86542163e-05  6.81494217e-06\n",
      "   1.80582517e-04  1.29049931e-05 -1.36706436e-04 -3.99385449e-05\n",
      "  -3.12412177e-05 -3.21333079e-05  1.12427932e-05  1.06256510e-05\n",
      "  -5.81112264e-06 -3.03170098e-05]\n",
      " [-4.99133000e-06  6.70331028e-06  2.46226690e-06 -3.77781537e-05\n",
      "   1.29049931e-05  1.88083264e-04 -3.99812390e-05 -1.41960682e-05\n",
      "  -2.11745335e-05 -6.50413777e-05  7.78774958e-06 -6.95583161e-06\n",
      "  -2.58505034e-05 -2.85337446e-05]\n",
      " [-1.01896031e-06 -2.21202452e-05 -3.96402171e-05 -2.38766009e-05\n",
      "  -1.36706436e-04 -3.99812390e-05  3.44397439e-04  8.95994352e-05\n",
      "   2.99328373e-05 -7.84562301e-06  1.73661128e-05 -3.13824136e-05\n",
      "   9.54854785e-07 -2.61960985e-05]\n",
      " [-1.27667089e-05 -3.98832070e-05 -3.27901536e-05 -2.53383100e-05\n",
      "  -3.99385449e-05 -1.41960682e-05  8.95994352e-05  5.10736229e-04\n",
      "  -3.02785262e-06 -1.11729664e-05 -1.47860447e-05  5.62832443e-05\n",
      "  -1.45011498e-05 -3.05308600e-05]\n",
      " [-6.53034925e-06 -2.57620521e-05 -3.91573929e-05 -4.43229107e-06\n",
      "  -3.12412177e-05 -2.11745335e-05  2.99328373e-05 -3.02785262e-06\n",
      "   5.71939158e-04 -5.81964179e-05 -8.56040780e-05  1.12769002e-04\n",
      "  -5.37787799e-05 -6.02070569e-05]\n",
      " [-8.44706641e-06 -1.47124679e-05 -2.02902438e-05 -7.59457390e-06\n",
      "  -3.21333079e-05 -6.50413777e-05 -7.84562301e-06 -1.11729664e-05\n",
      "  -5.81964179e-05  6.56518778e-04 -9.39454884e-05 -3.46833350e-05\n",
      "  -1.01008580e-05  2.14388015e-05]\n",
      " [-1.90650818e-05  1.88111592e-06 -9.04000904e-06 -1.12443794e-06\n",
      "   1.12427932e-05  7.78774958e-06  1.73661128e-05 -1.47860447e-05\n",
      "  -8.56040780e-05 -9.39454884e-05  7.57320385e-04 -1.33253108e-04\n",
      "  -2.03963630e-05 -1.35081935e-04]\n",
      " [-8.30461839e-06 -4.00133927e-05  1.97675482e-06 -4.60617917e-06\n",
      "   1.06256510e-05 -6.95583161e-06 -3.13824136e-05  5.62832443e-05\n",
      "   1.12769002e-04 -3.46833350e-05 -1.33253108e-04  1.06130246e-03\n",
      "  -1.27922303e-05 -4.81329659e-04]\n",
      " [-4.47909215e-05  2.01515615e-05 -1.22194190e-05 -4.83863741e-07\n",
      "  -5.81112264e-06 -2.58505034e-05  9.54854785e-07 -1.45011498e-05\n",
      "  -5.37787799e-05 -1.01008580e-05 -2.03963630e-05 -1.27922303e-05\n",
      "   9.95646747e-04  2.51182111e-05]\n",
      " [-4.81603561e-06  1.80875848e-05 -1.09324404e-05  1.50267781e-06\n",
      "  -3.03170098e-05 -2.85337446e-05 -2.61960985e-05 -3.05308600e-05\n",
      "  -6.02070569e-05  2.14388015e-05 -1.35081935e-04 -4.81329659e-04\n",
      "   2.51182111e-05  9.55748379e-04]]\n",
      "[[ 1.33400528e-05 -5.86173607e-06 -2.27277406e-07 -2.88170683e-06\n",
      "  -4.94190396e-06 -5.07956600e-06 -1.05247123e-06 -1.33381352e-05\n",
      "  -6.96639265e-06 -8.39073230e-06 -1.91872643e-05 -8.18522702e-06\n",
      "  -4.58464547e-05 -4.79783350e-06]\n",
      " [-5.86173607e-06  2.66619761e-05  3.88131767e-06  8.88518392e-06\n",
      "   9.03729840e-06  7.24777039e-06 -2.36017404e-05 -4.13312726e-05\n",
      "  -2.64838487e-05 -1.58125424e-05  2.10009602e-06 -3.98589577e-05\n",
      "   2.07567547e-05  1.87038651e-05]\n",
      " [-2.27277406e-07  3.88131767e-06  5.00303276e-05  7.95524681e-06\n",
      "   1.97354168e-05  3.14441955e-06 -4.13796491e-05 -3.39280124e-05\n",
      "  -4.12298104e-05 -2.22643546e-05 -9.12269943e-06  1.48523058e-06\n",
      "  -1.30231050e-05 -1.05788782e-05]\n",
      " [-2.88170683e-06  8.88518392e-06  7.95524681e-06  7.60172136e-05\n",
      "   7.69961702e-06 -3.72780584e-05 -2.49356691e-05 -2.66113150e-05\n",
      "  -4.61191998e-06 -8.44114326e-06 -1.03730726e-06 -4.76433401e-06\n",
      "  -8.18778758e-07  1.37822860e-06]\n",
      " [-4.94190396e-06  9.03729840e-06  1.97354168e-05  7.69961702e-06\n",
      "   1.82571379e-04  1.31667729e-05 -1.40827594e-04 -4.21761039e-05\n",
      "  -3.28288543e-05 -3.38886051e-05  1.13520140e-05  1.11096833e-05\n",
      "  -5.99703494e-06 -3.12124884e-05]\n",
      " [-5.07956600e-06  7.24777039e-06  3.14441955e-06 -3.72780584e-05\n",
      "   1.31667729e-05  1.88838645e-04 -4.13035124e-05 -1.49195765e-05\n",
      "  -2.28503730e-05 -6.73468556e-05  8.28568705e-06 -7.17416724e-06\n",
      "  -2.69205502e-05 -2.80089261e-05]\n",
      " [-1.05247123e-06 -2.36017404e-05 -4.13796491e-05 -2.49356691e-05\n",
      "  -1.40827594e-04 -4.13035124e-05  3.51174485e-04  9.50615207e-05\n",
      "   3.27946321e-05 -4.21295946e-06  1.78231668e-05 -3.18172761e-05\n",
      "   1.61336897e-06 -2.58623905e-05]\n",
      " [-1.33381352e-05 -4.13312726e-05 -3.39280124e-05 -2.66113150e-05\n",
      "  -4.21761039e-05 -1.49195765e-05  9.50615207e-05  5.23160463e-04\n",
      "  -1.94629260e-06 -1.42187941e-05 -9.91827462e-06  5.74344303e-05\n",
      "  -1.31200389e-05 -3.51545443e-05]\n",
      " [-6.96639265e-06 -2.64838487e-05 -4.12298104e-05 -4.61191998e-06\n",
      "  -3.28288543e-05 -2.28503730e-05  3.27946321e-05 -1.94629260e-06\n",
      "   5.86354811e-04 -5.35382850e-05 -9.37147747e-05  1.18445227e-04\n",
      "  -5.34297458e-05 -6.15865531e-05]\n",
      " [-8.39073230e-06 -1.58125424e-05 -2.22643546e-05 -8.44114326e-06\n",
      "  -3.38886051e-05 -6.73468556e-05 -4.21295946e-06 -1.42187941e-05\n",
      "  -5.35382850e-05  6.71879819e-04 -1.00196214e-04 -3.60307868e-05\n",
      "  -1.25711917e-05  2.52308068e-05]\n",
      " [-1.91872643e-05  2.10009602e-06 -9.12269943e-06 -1.03730726e-06\n",
      "   1.13520140e-05  8.28568705e-06  1.78231668e-05 -9.91827462e-06\n",
      "  -9.37147747e-05 -1.00196214e-04  7.73868982e-04 -1.42253395e-04\n",
      "  -2.12329519e-05 -1.35872997e-04]\n",
      " [-8.18522702e-06 -3.98589577e-05  1.48523058e-06 -4.76433401e-06\n",
      "   1.11096833e-05 -7.17416724e-06 -3.18172761e-05  5.74344303e-05\n",
      "   1.18445227e-04 -3.60307868e-05 -1.42253395e-04  1.08887439e-03\n",
      "  -1.31115670e-05 -5.09589058e-04]\n",
      " [-4.58464547e-05  2.07567547e-05 -1.30231050e-05 -8.18778758e-07\n",
      "  -5.99703494e-06 -2.69205502e-05  1.61336897e-06 -1.31200389e-05\n",
      "  -5.34297458e-05 -1.25711917e-05 -2.12329519e-05 -1.31115670e-05\n",
      "   1.01405304e-03  2.81690807e-05]\n",
      " [-4.79783350e-06  1.87038651e-05 -1.05788782e-05  1.37822860e-06\n",
      "  -3.12124884e-05 -2.80089261e-05 -2.58623905e-05 -3.51545443e-05\n",
      "  -6.15865531e-05  2.52308068e-05 -1.35872997e-04 -5.09589058e-04\n",
      "   2.81690807e-05  9.80758769e-04]]\n",
      "[[ 1.34400106e-05 -5.86623751e-06 -9.67135529e-08 -2.82633405e-06\n",
      "  -4.90239109e-06 -5.13625034e-06 -1.10487165e-06 -1.38140524e-05\n",
      "  -7.36957909e-06 -8.32110967e-06 -1.92801673e-05 -8.09003880e-06\n",
      "  -4.67718460e-05 -4.75608730e-06]\n",
      " [-5.86623751e-06  2.68594829e-05  4.20801913e-06  9.01854641e-06\n",
      "   9.71262331e-06  7.71451638e-06 -2.48055704e-05 -4.24432313e-05\n",
      "  -2.70840408e-05 -1.68811220e-05  2.25630878e-06 -3.95201984e-05\n",
      "   2.12589447e-05  1.91430314e-05]\n",
      " [-9.67135529e-08  4.20801913e-06  5.04820464e-05  8.17000821e-06\n",
      "   2.07073586e-05  3.73139367e-06 -4.29379984e-05 -3.47205528e-05\n",
      "  -4.30878496e-05 -2.39531359e-05 -9.14133998e-06  1.05963924e-06\n",
      "  -1.37386827e-05 -1.02266842e-05]\n",
      " [-2.82633405e-06  9.01854641e-06  8.17000821e-06  7.60091682e-05\n",
      "   8.46706377e-06 -3.67626302e-05 -2.58483992e-05 -2.76342366e-05\n",
      "  -4.77309758e-06 -9.20514059e-06 -9.22864937e-07 -4.87947823e-06\n",
      "  -1.16237167e-06  1.20993349e-06]\n",
      " [-4.90239109e-06  9.71262331e-06  2.07073586e-05  8.46706377e-06\n",
      "   1.84494339e-04  1.33841476e-05 -1.44664829e-04 -4.41089795e-05\n",
      "  -3.42512155e-05 -3.56084456e-05  1.15491994e-05  1.15353277e-05\n",
      "  -6.29286338e-06 -3.20011518e-05]\n",
      " [-5.13625034e-06  7.71451638e-06  3.73139367e-06 -3.67626302e-05\n",
      "   1.33841476e-05  1.89414670e-04 -4.23801925e-05 -1.54529935e-05\n",
      "  -2.43734480e-05 -6.94835943e-05  8.91435271e-06 -7.57398167e-06\n",
      "  -2.81398732e-05 -2.75748309e-05]\n",
      " [-1.10487165e-06 -2.48055704e-05 -4.29379984e-05 -2.58483992e-05\n",
      "  -1.44664829e-04 -4.23801925e-05  3.57261765e-04  9.95299667e-05\n",
      "   3.52453850e-05 -8.77345632e-07  1.80571291e-05 -3.20809039e-05\n",
      "   2.33152512e-06 -2.54921286e-05]\n",
      " [-1.38140524e-05 -4.24432313e-05 -3.47205528e-05 -2.76342366e-05\n",
      "  -4.41089795e-05 -1.54529935e-05  9.95299667e-05  5.33034032e-04\n",
      "  -1.20571636e-06 -1.69795442e-05 -5.20850752e-06  5.83698417e-05\n",
      "  -1.16838530e-05 -3.94131937e-05]\n",
      " [-7.36957909e-06 -2.70840408e-05 -4.30878496e-05 -4.77309758e-06\n",
      "  -3.42512155e-05 -2.43734480e-05  3.52453850e-05 -1.20571636e-06\n",
      "   5.99006201e-04 -4.87967317e-05 -1.01019602e-04  1.23587039e-04\n",
      "  -5.29778448e-05 -6.29872538e-05]\n",
      " [-8.32110967e-06 -1.68811220e-05 -2.39531359e-05 -9.20514059e-06\n",
      "  -3.56084456e-05 -6.94835943e-05 -8.77345632e-07 -1.69795442e-05\n",
      "  -4.87967317e-05  6.85700870e-04 -1.06514573e-04 -3.76620077e-05\n",
      "  -1.49286750e-05  2.95751639e-05]\n",
      " [-1.92801673e-05  2.25630878e-06 -9.14133998e-06 -9.22864937e-07\n",
      "   1.15491994e-05  8.91435271e-06  1.80571291e-05 -5.20850752e-06\n",
      "  -1.01019602e-04 -1.06514573e-04  7.88940225e-04 -1.50131982e-04\n",
      "  -2.23671230e-05 -1.36744848e-04]\n",
      " [-8.09003880e-06 -3.95201984e-05  1.05963924e-06 -4.87947823e-06\n",
      "   1.15353277e-05 -7.57398167e-06 -3.20809039e-05  5.83698417e-05\n",
      "   1.23587039e-04 -3.76620077e-05 -1.50131982e-04  1.11289550e-03\n",
      "  -1.31239211e-05 -5.34992200e-04]\n",
      " [-4.67718460e-05  2.12589447e-05 -1.37386827e-05 -1.16237167e-06\n",
      "  -6.29286338e-06 -2.81398732e-05  2.33152512e-06 -1.16838530e-05\n",
      "  -5.29778448e-05 -1.49286750e-05 -2.23671230e-05 -1.31239211e-05\n",
      "   1.03092386e-03  3.07252964e-05]\n",
      " [-4.75608730e-06  1.91430314e-05 -1.02266842e-05  1.20993349e-06\n",
      "  -3.20011518e-05 -2.75748309e-05 -2.54921286e-05 -3.94131937e-05\n",
      "  -6.29872538e-05  2.95751639e-05 -1.36744848e-04 -5.34992200e-04\n",
      "   3.07252964e-05  1.00309981e-03]]\n"
     ]
    },
    {
     "name": "stderr",
     "output_type": "stream",
     "text": [
      "/home/vero/git_repos/NMF/nmtf/nmtf.py:101: RuntimeWarning: invalid value encountered in double_scalars\n",
      "  obj_diff = np.abs((obj_old - obj))/np.abs(obj_old)\n"
     ]
    },
    {
     "name": "stdout",
     "output_type": "stream",
     "text": [
      "[[ 1.35249138e-05 -5.86965221e-06  1.50840775e-08 -2.77339909e-06\n",
      "  -4.85476022e-06 -5.16781003e-06 -1.16811245e-06 -1.42191749e-05\n",
      "  -7.73992454e-06 -8.24207033e-06 -1.93588283e-05 -8.01286157e-06\n",
      "  -4.76089461e-05 -4.69899883e-06]\n",
      " [-5.86965221e-06  2.70108233e-05  4.48649366e-06  9.12277959e-06\n",
      "   1.03052649e-05  8.11880358e-06 -2.58106061e-05 -4.33076507e-05\n",
      "  -2.75903266e-05 -1.78946079e-05  2.36754121e-06 -3.90703120e-05\n",
      "   2.16827864e-05  1.94504106e-05]\n",
      " [ 1.50840775e-08  4.48649366e-06  5.08666512e-05  8.35563350e-06\n",
      "   2.16019803e-05  4.24737358e-06 -4.43596476e-05 -3.52589083e-05\n",
      "  -4.47818835e-05 -2.54371311e-05 -9.09177815e-06  6.86596253e-07\n",
      "  -1.43833130e-05 -9.89456495e-06]\n",
      " [-2.77339909e-06  9.12277959e-06  8.35563350e-06  7.59664458e-05\n",
      "   9.15417352e-06 -3.62458714e-05 -2.66579103e-05 -2.84704881e-05\n",
      "  -4.92182240e-06 -9.90482923e-06 -7.87334453e-07 -4.97573461e-06\n",
      "  -1.52642857e-06  1.03057719e-06]\n",
      " [-4.85476022e-06  1.03052649e-05  2.16019803e-05  9.15417352e-06\n",
      "   1.86376010e-04  1.35885657e-05 -1.48306560e-04 -4.58305172e-05\n",
      "  -3.55795970e-05 -3.72720788e-05  1.18046328e-05  1.18693589e-05\n",
      "  -6.65073726e-06 -3.26565315e-05]\n",
      " [-5.16781003e-06  8.11880358e-06  4.24737358e-06 -3.62458714e-05\n",
      "   1.35885657e-05  1.89855960e-04 -4.33007345e-05 -1.58490712e-05\n",
      "  -2.57977935e-05 -7.14725447e-05  9.67461153e-06 -8.09378165e-06\n",
      "  -2.94130149e-05 -2.72392716e-05]\n",
      " [-1.16811245e-06 -2.58106061e-05 -4.43596476e-05 -2.66579103e-05\n",
      "  -1.48306560e-04 -4.33007345e-05  3.62863059e-04  1.03268417e-04\n",
      "   3.74476073e-05  2.20343298e-06  1.81247239e-05 -3.21704444e-05\n",
      "   3.09594775e-06 -2.51525269e-05]\n",
      " [-1.42191749e-05 -4.33076507e-05 -3.52589083e-05 -2.84704881e-05\n",
      "  -4.58305172e-05 -1.58490712e-05  1.03268417e-04  5.41018881e-04\n",
      "  -8.33100072e-07 -1.95421237e-05 -6.29249334e-07  5.91391483e-05\n",
      "  -1.02230866e-05 -4.33038134e-05]\n",
      " [-7.73992454e-06 -2.75903266e-05 -4.47818835e-05 -4.92182240e-06\n",
      "  -3.55795970e-05 -2.57977935e-05  3.74476073e-05 -8.33100072e-07\n",
      "   6.10366479e-04 -4.40443324e-05 -1.07760478e-04  1.28334938e-04\n",
      "  -5.24567363e-05 -6.43516921e-05]\n",
      " [-8.24207033e-06 -1.78946079e-05 -2.54371311e-05 -9.90482923e-06\n",
      "  -3.72720788e-05 -7.14725447e-05  2.20343298e-06 -1.95421237e-05\n",
      "  -4.40443324e-05  6.98160381e-04 -1.12863706e-04 -3.94815914e-05\n",
      "  -1.70805762e-05  3.43002048e-05]\n",
      " [-1.93588283e-05  2.36754121e-06 -9.09177815e-06 -7.87334453e-07\n",
      "   1.18046328e-05  9.67461153e-06  1.81247239e-05 -6.29249334e-07\n",
      "  -1.07760478e-04 -1.12863706e-04  8.02947774e-04 -1.57114663e-04\n",
      "  -2.35791273e-05 -1.37848746e-04]\n",
      " [-8.01286157e-06 -3.90703120e-05  6.86596253e-07 -4.97573461e-06\n",
      "   1.18693589e-05 -8.09378165e-06 -3.21704444e-05  5.91391483e-05\n",
      "   1.28334938e-04 -3.94815914e-05 -1.57114663e-04  1.13428780e-03\n",
      "  -1.29649166e-05 -5.58136144e-04]\n",
      " [-4.76089461e-05  2.16827864e-05 -1.43833130e-05 -1.52642857e-06\n",
      "  -6.65073726e-06 -2.94130149e-05  3.09594775e-06 -1.02230866e-05\n",
      "  -5.24567363e-05 -1.70805762e-05 -2.35791273e-05 -1.29649166e-05\n",
      "   1.04651763e-03  3.28791536e-05]\n",
      " [-4.69899883e-06  1.94504106e-05 -9.89456495e-06  1.03057719e-06\n",
      "  -3.26565315e-05 -2.72392716e-05 -2.51525269e-05 -4.33038134e-05\n",
      "  -6.43516921e-05  3.43002048e-05 -1.37848746e-04 -5.58136144e-04\n",
      "   3.28791536e-05  1.02342636e-03]]\n",
      "[[ 1.35982947e-05 -5.87230450e-06  1.11183145e-07 -2.72344275e-06\n",
      "  -4.80308757e-06 -5.17845157e-06 -1.23696912e-06 -1.45681328e-05\n",
      "  -8.07914790e-06 -8.15836471e-06 -1.94285867e-05 -7.95257839e-06\n",
      "  -4.83787675e-05 -4.62914844e-06]\n",
      " [-5.87230450e-06  2.71266820e-05  4.72679319e-06  9.20509487e-06\n",
      "   1.08338259e-05  8.46912713e-06 -2.66632147e-05 -4.39825878e-05\n",
      "  -2.80205549e-05 -1.88348873e-05  2.44446368e-06 -3.85587410e-05\n",
      "   2.20440348e-05  1.96594532e-05]\n",
      " [ 1.11183145e-07  4.72679319e-06  5.12009257e-05  8.51859746e-06\n",
      "   2.24368379e-05  4.70653080e-06 -4.56700595e-05 -3.56042439e-05\n",
      "  -4.63407811e-05 -2.67681483e-05 -8.97893609e-06  3.52756218e-07\n",
      "  -1.49694667e-05 -9.58743362e-06]\n",
      " [-2.72344275e-06  9.20509487e-06  8.51859746e-06  7.59002633e-05\n",
      "   9.78110761e-06 -3.57343445e-05 -2.73884205e-05 -2.91597916e-05\n",
      "  -5.06157355e-06 -1.05492503e-05 -6.35350589e-07 -5.06703104e-06\n",
      "  -1.91146296e-06  8.55269137e-07]\n",
      " [-4.80308757e-06  1.08338259e-05  2.24368379e-05  9.78110761e-06\n",
      "   1.88224727e-04  1.37901176e-05 -1.51795198e-04 -4.73931369e-05\n",
      "  -3.68448592e-05 -3.88534903e-05  1.20941880e-05  1.20981320e-05\n",
      "  -7.04423325e-06 -3.31775719e-05]\n",
      " [-5.17845157e-06  8.46912713e-06  4.70653080e-06 -3.57343445e-05\n",
      "   1.37901176e-05  1.90183346e-04 -4.41067328e-05 -1.61446503e-05\n",
      "  -2.71433343e-05 -7.33214131e-05  1.05500913e-05 -8.70006209e-06\n",
      "  -3.06863086e-05 -2.69874978e-05]\n",
      " [-1.23696912e-06 -2.66632147e-05 -4.56700595e-05 -2.73884205e-05\n",
      "  -1.51795198e-04 -4.41067328e-05  3.68081473e-04  1.06444150e-04\n",
      "   3.94759282e-05  5.04961841e-06  1.80699581e-05 -3.20908189e-05\n",
      "   3.87790722e-06 -2.48735707e-05]\n",
      " [-1.45681328e-05 -4.39825878e-05 -3.56042439e-05 -2.91597916e-05\n",
      "  -4.73931369e-05 -1.61446503e-05  1.06444150e-04  5.47575978e-04\n",
      "  -8.19736718e-07 -2.19730325e-05  3.82123242e-06  5.97905289e-05\n",
      "  -8.78418975e-06 -4.68582530e-05]\n",
      " [-8.07914790e-06 -2.80205549e-05 -4.63407811e-05 -5.06157355e-06\n",
      "  -3.68448592e-05 -2.71433343e-05  3.94759282e-05 -8.19736718e-07\n",
      "   6.20697991e-04 -3.93228624e-05 -1.14065433e-04  1.32778889e-04\n",
      "  -5.18795331e-05 -6.56602840e-05]\n",
      " [-8.15836471e-06 -1.88348873e-05 -2.67681483e-05 -1.05492503e-05\n",
      "  -3.88534903e-05 -7.33214131e-05  5.04961841e-06 -2.19730325e-05\n",
      "  -3.93228624e-05  7.09358588e-04 -1.19186609e-04 -4.13922711e-05\n",
      "  -1.89531438e-05  3.92560032e-05]\n",
      " [-1.94285867e-05  2.44446368e-06 -8.97893609e-06 -6.35350589e-07\n",
      "   1.20941880e-05  1.05500913e-05  1.80699581e-05  3.82123242e-06\n",
      "  -1.14065433e-04 -1.19186609e-04  8.16125093e-04 -1.63367678e-04\n",
      "  -2.48098526e-05 -1.39239993e-04]\n",
      " [-7.95257839e-06 -3.85587410e-05  3.52756218e-07 -5.06703104e-06\n",
      "   1.20981320e-05 -8.70006209e-06 -3.20908189e-05  5.97905289e-05\n",
      "   1.32778889e-04 -4.13922711e-05 -1.63367678e-04  1.15367402e-03\n",
      "  -1.27061413e-05 -5.79440543e-04]\n",
      " [-4.83787675e-05  2.20440348e-05 -1.49694667e-05 -1.91146296e-06\n",
      "  -7.04423325e-06 -3.06863086e-05  3.87790722e-06 -8.78418975e-06\n",
      "  -5.18795331e-05 -1.89531438e-05 -2.48098526e-05 -1.27061413e-05\n",
      "   1.06099935e-03  3.47144631e-05]\n",
      " [-4.62914844e-06  1.96594532e-05 -9.58743362e-06  8.55269137e-07\n",
      "  -3.31775719e-05 -2.69874978e-05 -2.48735707e-05 -4.68582530e-05\n",
      "  -6.56602840e-05  3.92560032e-05 -1.39239993e-04 -5.79440543e-04\n",
      "   3.47144631e-05  1.04218145e-03]]\n",
      "[[ 1.36622567e-05 -5.87456361e-06  1.94111966e-07 -2.67648511e-06\n",
      "  -4.74998553e-06 -5.17327497e-06 -1.30751347e-06 -1.48690370e-05\n",
      "  -8.38900562e-06 -8.07164911e-06 -1.94917645e-05 -7.90831789e-06\n",
      "  -4.90927403e-05 -4.54876641e-06]\n",
      " [-5.87456361e-06  2.72145421e-05  4.93602312e-06  9.27045024e-06\n",
      "   1.13101459e-05  8.77225247e-06 -2.73943051e-05 -4.45094507e-05\n",
      "  -2.83876527e-05 -1.96933543e-05  2.49467837e-06 -3.80210195e-05\n",
      "   2.23547073e-05  1.97980672e-05]\n",
      " [ 1.94111966e-07  4.93602312e-06  5.14967473e-05  8.66372650e-06\n",
      "   2.32236083e-05  5.11923812e-06 -4.68875360e-05 -3.57997258e-05\n",
      "  -4.77855779e-05 -2.79838468e-05 -8.80947652e-06  4.41335253e-08\n",
      "  -1.55069183e-05 -9.30075028e-06]\n",
      " [-2.67648511e-06  9.27045024e-06  8.66372650e-06  7.58180300e-05\n",
      "   1.03605817e-05 -3.52323536e-05 -2.80562559e-05 -2.97324717e-05\n",
      "  -5.19438029e-06 -1.11447602e-05 -4.72688662e-07 -5.16478109e-06\n",
      "  -2.31341290e-06  6.96599839e-07]\n",
      " [-4.74998553e-06  1.13101459e-05  2.32236083e-05  1.03605817e-05\n",
      "   1.90045581e-04  1.39922288e-05 -1.55157470e-04 -4.88300792e-05\n",
      "  -3.80623790e-05 -4.03345304e-05  1.24008938e-05  1.22141666e-05\n",
      "  -7.45828707e-06 -3.35679643e-05]\n",
      " [-5.17327497e-06  8.77225247e-06  5.11923812e-06 -3.52323536e-05\n",
      "   1.39922288e-05  1.90415316e-04 -4.48219101e-05 -1.63591583e-05\n",
      "  -2.84233697e-05 -7.50361026e-05  1.15299718e-05 -9.37586546e-06\n",
      "  -3.19291862e-05 -2.68008945e-05]\n",
      " [-1.30751347e-06 -2.73943051e-05 -4.68875360e-05 -2.80562559e-05\n",
      "  -1.55157470e-04 -4.48219101e-05  3.72984185e-04  1.09173176e-04\n",
      "   4.13691249e-05  7.67278690e-06  1.79266581e-05 -3.18495955e-05\n",
      "   4.65529262e-06 -2.46699657e-05]\n",
      " [-1.48690370e-05 -4.45094507e-05 -3.57997258e-05 -2.97324717e-05\n",
      "  -4.88300792e-05 -1.63591583e-05  1.09173176e-04  5.53029141e-04\n",
      "  -1.14022719e-06 -2.43200563e-05  8.14574681e-06  6.03617512e-05\n",
      "  -7.40971539e-06 -5.01246618e-05]\n",
      " [-8.38900562e-06 -2.83876527e-05 -4.77855779e-05 -5.19438029e-06\n",
      "  -3.80623790e-05 -2.84233697e-05  4.13691249e-05 -1.14022719e-06\n",
      "   6.30163670e-04 -3.46473159e-05 -1.20013861e-04  1.36973854e-04\n",
      "  -5.12510546e-05 -6.69000609e-05]\n",
      " [-8.07164911e-06 -1.96933543e-05 -2.79838468e-05 -1.11447602e-05\n",
      "  -4.03345304e-05 -7.50361026e-05  7.67278690e-06 -2.43200563e-05\n",
      "  -3.46473159e-05  7.19394968e-04 -1.25453425e-04 -4.32634016e-05\n",
      "  -2.05291683e-05  4.42799152e-05]\n",
      " [-1.94917645e-05  2.49467837e-06 -8.80947652e-06 -4.72688662e-07\n",
      "   1.24008938e-05  1.15299718e-05  1.79266581e-05  8.14574681e-06\n",
      "  -1.20013861e-04 -1.25453425e-04  8.28619035e-04 -1.69035444e-04\n",
      "  -2.60483650e-05 -1.40906001e-04]\n",
      " [-7.90831789e-06 -3.80210195e-05  4.41335253e-08 -5.16478109e-06\n",
      "   1.22141666e-05 -9.37586546e-06 -3.18495955e-05  6.03617512e-05\n",
      "   1.36973854e-04 -4.32634016e-05 -1.69035444e-04  1.17146957e-03\n",
      "  -1.23820245e-05 -5.99195974e-04]\n",
      " [-4.90927403e-05  2.23547073e-05 -1.55069183e-05 -2.31341290e-06\n",
      "  -7.45828707e-06 -3.19291862e-05  4.65529262e-06 -7.40971539e-06\n",
      "  -5.12510546e-05 -2.05291683e-05 -2.60483650e-05 -1.23820245e-05\n",
      "   1.07449387e-03  3.62959054e-05]\n",
      " [-4.54876641e-06  1.97980672e-05 -9.30075028e-06  6.96599839e-07\n",
      "  -3.35679643e-05 -2.68008945e-05 -2.46699657e-05 -5.01246618e-05\n",
      "  -6.69000609e-05  4.42799152e-05 -1.40906001e-04 -5.99195974e-04\n",
      "   3.62959054e-05  1.05965438e-03]]\n",
      "[[ 1.37183937e-05 -5.87660411e-06  2.66049752e-07 -2.63218258e-06\n",
      "  -4.69682609e-06 -5.15706329e-06 -1.37771111e-06 -1.51301082e-05\n",
      "  -8.67140381e-06 -7.98205090e-06 -1.95494468e-05 -7.87836434e-06\n",
      "  -4.97583595e-05 -4.46008635e-06]\n",
      " [-5.87660411e-06  2.72802354e-05  5.11996244e-06  9.32250536e-06\n",
      "   1.17432704e-05  9.03496007e-06 -2.80272597e-05 -4.49205566e-05\n",
      "  -2.87018291e-05 -2.04711593e-05  2.52457613e-06 -3.74811002e-05\n",
      "   2.26232012e-05  1.98880155e-05]\n",
      " [ 2.66049752e-07  5.11996244e-06  5.17630409e-05  8.79479395e-06\n",
      "   2.39714392e-05  5.49395726e-06 -4.80273921e-05 -3.58803083e-05\n",
      "  -4.91325987e-05 -2.91130471e-05 -8.58930376e-06 -2.50824290e-07\n",
      "  -1.60040864e-05 -9.02829519e-06]\n",
      " [-2.63218258e-06  9.32250536e-06  8.79479395e-06  7.57248681e-05\n",
      "   1.09017896e-05 -3.47418561e-05 -2.86738063e-05 -3.02124964e-05\n",
      "  -5.32196695e-06 -1.16983392e-05 -3.02863140e-07 -5.27528176e-06\n",
      "  -2.72842040e-06  5.60548975e-07]\n",
      " [-4.69682609e-06  1.17432704e-05  2.39714392e-05  1.09017896e-05\n",
      "   1.91844272e-04  1.41973271e-05 -1.58414864e-04 -5.01671574e-05\n",
      "  -3.92404603e-05 -4.17159903e-05  1.27142207e-05  1.22212309e-05\n",
      "  -7.88526555e-06 -3.38375249e-05]\n",
      " [-5.15706329e-06  9.03496007e-06  5.49395726e-06 -3.47418561e-05\n",
      "   1.41973271e-05  1.90569425e-04 -4.54634477e-05 -1.65080053e-05\n",
      "  -2.96464510e-05 -7.66283305e-05  1.26030368e-05 -1.01104732e-05\n",
      "  -3.31261730e-05 -2.66623817e-05]\n",
      " [-1.37771111e-06 -2.80272597e-05 -4.80273921e-05 -2.86738063e-05\n",
      "  -1.58414864e-04 -4.54634477e-05  3.77624342e-04  1.11548256e-04\n",
      "   4.31482136e-05  1.00962440e-05  1.77204334e-05 -3.14647868e-05\n",
      "   5.41767597e-06 -2.45435236e-05]\n",
      " [-1.51301082e-05 -4.49205566e-05 -3.58803083e-05 -3.02124964e-05\n",
      "  -5.01671574e-05 -1.65080053e-05  1.11548256e-04  5.57633478e-04\n",
      "  -1.76121078e-06 -2.66094983e-05  1.23489572e-05  6.08842812e-05\n",
      "  -6.11158207e-06 -5.31556279e-05]\n",
      " [-8.67140381e-06 -2.87018291e-05 -4.91325987e-05 -5.32196695e-06\n",
      "  -3.92404603e-05 -2.96464510e-05  4.31482136e-05 -1.76121078e-06\n",
      "   6.38876327e-04 -3.00115896e-05 -1.25661904e-04  1.40951842e-04\n",
      "  -5.05749666e-05 -6.80597741e-05]\n",
      " [-7.98205090e-06 -2.04711593e-05 -2.91130471e-05 -1.16983392e-05\n",
      "  -4.17159903e-05 -7.66283305e-05  1.00962440e-05 -2.66094983e-05\n",
      "  -3.00115896e-05  7.28392542e-04 -1.31655877e-04 -4.49801705e-05\n",
      "  -2.18297017e-05  4.92334246e-05]\n",
      " [-1.95494468e-05  2.52457613e-06 -8.58930376e-06 -3.02863140e-07\n",
      "   1.27142207e-05  1.26030368e-05  1.77204334e-05  1.23489572e-05\n",
      "  -1.25661904e-04 -1.31655877e-04  8.40527896e-04 -1.74243650e-04\n",
      "  -2.72931657e-05 -1.42802228e-04]\n",
      " [-7.87836434e-06 -3.74811002e-05 -2.50824290e-07 -5.27528176e-06\n",
      "   1.22212309e-05 -1.01104732e-05 -3.14647868e-05  6.08842812e-05\n",
      "   1.40951842e-04 -4.49801705e-05 -1.74243650e-04  1.18796876e-03\n",
      "  -1.20209362e-05 -6.17618757e-04]\n",
      " [-4.97583595e-05  2.26232012e-05 -1.60040864e-05 -2.72842040e-06\n",
      "  -7.88526555e-06 -3.31261730e-05  5.41767597e-06 -6.11158207e-06\n",
      "  -5.05749666e-05 -2.18297017e-05 -2.72931657e-05 -1.20209362e-05\n",
      "   1.08710328e-03  3.76841221e-05]\n",
      " [-4.46008635e-06  1.98880155e-05 -9.02829519e-06  5.60548975e-07\n",
      "  -3.38375249e-05 -2.66623817e-05 -2.45435236e-05 -5.31556279e-05\n",
      "  -6.80597741e-05  4.92334246e-05 -1.42802228e-04 -6.17618757e-04\n",
      "   3.76841221e-05  1.07604628e-03]]\n",
      "[[ 1.37679659e-05 -5.87855891e-06  3.28765487e-07 -2.59012246e-06\n",
      "  -4.64432644e-06 -5.13402177e-06 -1.44643347e-06 -1.53587292e-05\n",
      "  -8.92794217e-06 -7.88907199e-06 -1.96023181e-05 -7.86080855e-06\n",
      "  -5.03810170e-05 -4.36502372e-06]\n",
      " [-5.87855891e-06  2.73283572e-05  5.28328825e-06  9.36404829e-06\n",
      "   1.21405074e-05  9.26343233e-06 -2.85806126e-05 -4.52414468e-05\n",
      "  -2.89709093e-05 -2.11728570e-05  2.53880257e-06 -3.69550521e-05\n",
      "   2.28555420e-05  1.99464427e-05]\n",
      " [ 3.28765487e-07  5.28328825e-06  5.20065034e-05  8.91475437e-06\n",
      "   2.46875859e-05  5.83733161e-06 -4.91024000e-05 -3.58740234e-05\n",
      "  -5.03943527e-05 -3.01758908e-05 -8.32446358e-06 -5.42276123e-07\n",
      "  -1.64679128e-05 -8.76333876e-06]\n",
      " [-2.59012246e-06  9.36404829e-06  8.91475437e-06  7.56243911e-05\n",
      "   1.14117455e-05 -3.42634344e-05 -2.92508596e-05 -3.06190183e-05\n",
      "  -5.44576655e-06 -1.22160578e-05 -1.27964824e-07 -5.40194072e-06\n",
      "  -3.15317318e-06  4.49461193e-07]\n",
      " [-4.64432644e-06  1.21405074e-05  2.46875859e-05  1.14117455e-05\n",
      "   1.93626178e-04  1.44068124e-05 -1.61585094e-04 -5.14256536e-05\n",
      "  -4.03836933e-05 -4.30058519e-05  1.30275075e-05  1.21257982e-05\n",
      "  -8.32140897e-06 -3.39965042e-05]\n",
      " [-5.13402177e-06  9.26343233e-06  5.83733161e-06 -3.42634344e-05\n",
      "   1.44068124e-05  1.90660750e-04 -4.60441800e-05 -1.66030633e-05\n",
      "  -3.08161395e-05 -7.81095747e-05  1.37555091e-05 -1.08975737e-05\n",
      "  -3.42700151e-05 -2.65553057e-05]\n",
      " [-1.44643347e-06 -2.85806126e-05 -4.91024000e-05 -2.92508596e-05\n",
      "  -1.61585094e-04 -4.60441800e-05  3.82045846e-04  1.13644973e-04\n",
      "   4.48262068e-05  1.23439158e-05  1.74702891e-05 -3.09537142e-05\n",
      "   6.16084398e-06 -2.44926920e-05]\n",
      " [-1.53587292e-05 -4.52414468e-05 -3.58740234e-05 -3.06190183e-05\n",
      "  -5.14256536e-05 -1.66030633e-05  1.13644973e-04  5.61589020e-04\n",
